0.000000000000000000e+00 6.089526999999999646e+01 7.996262000000000114e+01 5.627752000000000265e+01 1.026384900000000044e+02 9.281515000000000271e+01 7.387469000000000108e+01 6.630110999999999422e+01 7.410811999999999955e+01 7.439766000000000190e+01 1.022893000000000008e+01 7.558486999999999512e+01 4.578779999999999717e+01 6.167271999999999821e+01 6.654134000000000526e+01 8.327599999999999625e+01 7.852627999999999986e+01 2.065011000000000152e+01 3.128440000000000154e+01 7.887376999999999327e+01 4.327539000000000158e+01 4.573546999999999940e+01 8.051570999999999856e+01 6.176944999999999908e+01 2.478106999999999971e+01 6.255910999999999689e+01 1.328040000000000020e+01 1.035352500000000049e+02 6.719544999999999391e+01 4.871771999999999991e+01 8.414969999999999573e+01 6.810726999999999975e+01 5.431900999999999868e+01 7.394547000000000025e+01 9.212739999999999441e+01 4.121171999999999969e+01 5.992401000000000266e+01 8.638383000000000322e+01 4.440812999999999988e+01 7.469315000000000282e+01 8.729309999999999548e+01 4.330834999999999724e+01 7.422666999999999859e+01 8.335962999999999568e+01 3.466745999999999839e+01 4.474969999999999892e+00 8.807958999999999605e+01 4.141765999999999792e+01 7.912420000000000009e+00 3.911037999999999926e+01 7.084001000000000658e+01 8.060444999999999993e+01 5.925469999999999970e+01 8.117557999999999652e+01 6.535241999999999507e+01 4.726706999999999681e+01 6.755214999999999748e+01 3.981457999999999942e+01 6.399904999999999688e+01 4.658406000000000091e+01 1.009999700000000047e+02 4.275927999999999685e+01 7.084544999999999959e+01 2.387134999999999962e+01 6.877721999999999980e+01 2.278851999999999833e+01 4.465404999999999802e+01 7.800594999999999857e+01 3.320054999999999978e+01 8.190724000000000160e+01 4.044619000000000142e+01 3.382433000000000334e+01 8.212458999999999776e+01 6.227197000000000315e+01 4.354773999999999745e+01 8.808319000000000187e+01 5.111368999999999829e+01 2.309484000000000137e+01 8.268800000000000594e+00 6.206524000000000285e+01 7.382538999999999874e+01 7.787018000000000484e+01 5.516834000000000060e+01 1.000862400000000036e+02 1.384581000000000017e+01 2.920886000000000138e+01 1.761175000000000068e+01 6.730925999999999476e+01 1.541080999999999968e+01 7.066019000000000005e+01 7.274895999999999674e+01 8.378117000000000303e+01 7.420538000000000523e+01 1.619373999999999825e+01 3.438533000000000328e+01 7.494849999999999568e+00 2.046379999999999910e+01 9.537162999999999613e+01 6.508042000000000371e+01 9.503220000000000667e+00
6.089526999999999646e+01 0.000000000000000000e+00 8.312209000000000003e+01 2.211952000000000140e+01 6.264041000000000281e+01 5.563542999999999950e+01 2.644735999999999976e+01 6.900037000000000376e+01 8.927284000000000219e+01 6.758996000000000492e+01 5.136892000000000280e+01 6.865538999999999703e+01 1.864805000000000135e+01 6.645090000000000430e+01 3.688410999999999973e+01 2.947040000000000148e+01 1.858801000000000059e+01 4.041973000000000127e+01 6.676261999999999830e+01 4.362225000000000108e+01 3.745096999999999809e+01 2.680263000000000062e+01 1.962171000000000021e+01 6.682800000000000296e+00 4.326214999999999833e+01 7.712624999999999886e+01 6.746057000000000414e+01 5.375842999999999705e+01 2.727603999999999829e+01 3.288517000000000223e+01 4.426973000000000269e+01 2.313922000000000168e+01 1.623295999999999850e+01 2.621400999999999826e+01 4.624004999999999654e+01 6.739557000000000642e+01 7.454613999999999407e+01 9.764589999999999748e+01 3.385260000000000247e+01 3.037478000000000122e+01 4.652219999999999800e+01 1.760179000000000116e+01 7.014642000000000621e+01 7.315134000000000469e+01 3.898543999999999699e+01 6.399470000000000169e+01 3.407249999999999801e+01 6.134369000000000227e+01 5.308153000000000077e+01 6.864073000000000491e+01 3.758957000000000193e+01 8.673235999999999990e+01 1.103228999999999971e+01 2.135192999999999941e+01 7.368218000000000245e+01 1.530270999999999937e+01 9.532420000000000115e+00 2.685698000000000008e+01 6.403094000000000108e+01 4.378385999999999711e+01 6.900162000000000262e+01 1.813599999999999923e+01 8.957023999999999830e+01 5.295662000000000091e+01 1.652493000000000123e+01 6.421796000000000504e+01 1.943860000000000099e+01 1.820786999999999978e+01 4.008003000000000071e+01 3.798322999999999894e+01 5.010750000000000171e+01 3.339379999999999882e+01 2.632012999999999892e+01 8.190652000000000044e+01 2.080093000000000103e+01 3.088297000000000025e+01 6.565672999999999604e+01 4.795260999999999996e+01 5.371267000000000280e+01 5.366705999999999932e+01 1.295143000000000022e+01 3.072919999999999874e+01 2.531797999999999860e+01 5.208612999999999715e+01 6.909229000000000553e+01 4.016272000000000020e+01 7.684136999999999773e+01 7.137211999999999534e+01 6.306159999999999854e+01 9.012685999999999353e+01 3.556123000000000189e+01 9.592772999999999683e+01 7.643263000000000318e+01 4.471949000000000041e+01 2.663777999999999935e+01 5.342255999999999716e+01 8.028739000000000203e+01 4.591740999999999673e+01 1.272627999999999915e+01 6.486382000000000403e+01
7.996262000000000114e+01 8.312209000000000003e+01 0.000000000000000000e+00 6.102420999999999651e+01 6.110463000000000022e+01 5.418581999999999965e+01 1.094723900000000043e+02 1.524029999999999951e+01 1.625234999999999985e+01 1.695749999999999957e+01 7.400327000000000055e+01 1.633493999999999957e+01 6.867767999999999518e+01 1.936918999999999969e+01 4.887836999999999676e+01 7.592105999999999710e+01 9.729883999999999844e+01 7.358020999999999390e+01 5.055518000000000001e+01 5.111187000000000324e+01 4.982780000000000342e+01 5.889021000000000328e+01 9.282469000000000392e+01 7.734914000000000556e+01 6.138257999999999726e+01 1.913746000000000080e+01 9.319633000000000322e+01 7.638857000000000141e+01 1.086711399999999941e+02 1.028453700000000026e+02 5.673752000000000351e+01 6.487004000000000303e+01 9.322718000000000416e+01 6.690928999999999860e+01 6.619042000000000314e+01 3.983478999999999814e+01 2.104716000000000165e+01 1.610457999999999856e+01 1.003557600000000036e+02 6.273767999999999745e+01 5.816033000000000186e+01 7.685612000000000421e+01 1.367667999999999928e+01 1.791669999999999874e+01 5.490326999999999913e+01 8.409425000000000239e+01 7.758704000000000178e+01 3.854505000000000337e+01 7.661942000000000519e+01 4.271101999999999776e+01 5.085134999999999650e+01 4.638980000000000103e+00 9.202522999999999342e+01 9.954988000000000170e+01 1.462134999999999962e+01 7.243018999999999608e+01 7.969404000000000110e+01 6.330199000000000353e+01 1.968494000000000099e+01 4.266235999999999962e+01 4.954932000000000158e+01 7.731609000000000265e+01 2.101976000000000155e+01 5.674913000000000096e+01 9.963045999999999935e+01 5.855017000000000138e+01 6.871044999999999447e+01 8.568599000000000387e+01 5.529057999999999851e+01 1.210069400000000002e+02 4.255942999999999898e+01 6.147498999999999825e+01 7.888809000000000538e+01 2.342820999999999998e+01 8.672435000000000116e+01 8.353506000000000142e+01 2.885088999999999970e+01 9.281816999999999496e+01 7.414593999999999596e+01 2.945522000000000062e+01 8.998336000000000467e+01 6.600937000000000410e+01 5.780496999999999730e+01 7.202262000000000342e+01 7.192204999999999870e+01 9.190823000000000320e+01 9.371881999999999380e+01 1.338906000000000063e+01 6.570273000000000252e+01 2.205320000000000036e+01 5.475162000000000262e+01 1.551526999999999923e+01 6.858979999999999855e+00 7.555876000000000658e+01 7.403055000000000518e+01 7.730948999999999671e+01 9.457142000000000337e+01 7.256292999999999438e+01 7.355715999999999610e+01 7.291809999999999548e+01
5.627752000000000265e+01 2.211952000000000140e+01 6.102420999999999651e+01 0.000000000000000000e+00 4.948181000000000296e+01 4.055617000000000161e+01 4.854484999999999673e+01 4.709017000000000053e+01 6.781306999999999618e+01 4.551646000000000214e+01 4.605449999999999733e+01 4.659967999999999932e+01 1.339390000000000036e+01 4.481052999999999997e+01 1.638406000000000162e+01 2.787922000000000011e+01 3.743417000000000172e+01 3.675493000000000166e+01 5.168795000000000073e+01 2.656350000000000122e+01 1.907498000000000005e+01 1.084645000000000081e+01 3.458030999999999722e+01 1.643993000000000038e+01 3.286050000000000182e+01 5.608182999999999652e+01 6.642229000000000383e+01 4.737490999999999985e+01 4.854616999999999649e+01 4.803175000000000239e+01 2.998526000000000025e+01 1.196127000000000073e+01 3.433762999999999721e+01 1.778234000000000137e+01 3.640039999999999765e+01 4.961664999999999992e+01 5.366038000000000352e+01 7.571551999999999794e+01 4.716282999999999959e+01 1.853444000000000003e+01 3.297661999999999694e+01 2.182923999999999864e+01 4.803255999999999659e+01 5.140230999999999995e+01 2.459996999999999900e+01 6.031967000000000212e+01 3.243021999999999849e+01 4.305901999999999674e+01 4.859483999999999781e+01 5.152403000000000333e+01 1.875763999999999854e+01 6.469016000000000588e+01 3.169798000000000116e+01 3.996235000000000070e+01 5.207469999999999999e+01 1.536228000000000016e+01 1.982377999999999929e+01 1.653281000000000134e+01 4.209248999999999796e+01 2.372999000000000080e+01 5.225990999999999786e+01 2.259718000000000160e+01 6.850876999999999839e+01 4.033547000000000082e+01 3.864385999999999655e+01 5.163741000000000270e+01 1.430338000000000065e+01 2.858727999999999980e+01 2.612762999999999991e+01 6.008597000000000321e+01 3.179497999999999891e+01 2.261849000000000132e+01 2.781250000000000000e+01 6.132847999999999900e+01 3.169238000000000000e+01 3.401068000000000069e+01 4.551474999999999937e+01 5.206768000000000285e+01 4.806940000000000168e+01 3.157685999999999993e+01 3.015174000000000021e+01 2.159329999999999927e+01 3.369409999999999794e+00 4.413522999999999996e+01 6.022648999999999830e+01 4.636408000000000129e+01 7.378517999999999688e+01 4.948740999999999701e+01 5.292958000000000141e+01 6.914020999999999617e+01 1.867221999999999937e+01 7.407332999999999856e+01 5.436348000000000269e+01 4.130161999999999978e+01 2.587121000000000137e+01 4.916644000000000148e+01 7.674123000000000161e+01 3.915171999999999741e+01 1.401556000000000068e+01 5.697399000000000058e+01
1.026384900000000044e+02 6.264041000000000281e+01 6.110463000000000022e+01 4.948181000000000296e+01 0.000000000000000000e+00 9.948100000000000165e+00 8.431660999999999717e+01 5.733032000000000039e+01 7.621375000000000455e+01 4.670548000000000144e+01 9.278718000000000643e+01 4.660587999999999909e+01 6.281757000000000346e+01 5.933254999999999768e+01 3.613121999999999900e+01 3.599096999999999724e+01 6.493375000000000341e+01 8.502097000000000548e+01 8.703901999999999362e+01 2.382018000000000058e+01 5.947908999999999935e+01 5.818833000000000055e+01 5.782726999999999862e+01 5.632070000000000221e+01 7.786643999999999721e+01 7.105563999999999680e+01 1.141935000000000002e+02 1.900580000000000069e+01 8.833315000000000339e+01 9.481292999999999438e+01 1.951489000000000118e+01 4.062324000000000268e+01 7.872364000000000317e+01 3.647764000000000095e+01 1.722409000000000034e+01 7.954160000000000252e+01 7.042530999999999608e+01 7.638291999999999859e+01 9.488098999999999705e+01 3.276771999999999707e+01 1.664215000000000089e+01 7.072096999999999412e+01 4.999049999999999727e+01 4.320824999999999960e+01 6.801053000000000281e+01 1.069983600000000052e+02 3.346932000000000329e+01 7.354206999999999539e+01 9.558384999999999820e+01 8.263446000000000424e+01 3.198569000000000173e+01 6.569402999999999793e+01 7.356627000000000294e+01 6.574940999999999747e+01 6.391344999999999743e+01 6.416837999999999909e+01 5.370468999999999937e+01 6.497549999999999670e+01 5.433803999999999945e+01 5.770009999999999906e+01 1.358141999999999960e+01 7.152083000000000368e+01 7.995541000000000054e+01 8.167005000000000337e+01 7.537103000000000463e+01 9.094729999999999848e+01 6.376803999999999917e+01 5.137575999999999965e+01 6.951577000000000339e+01 9.434251000000000431e+01 6.629482000000000141e+01 6.949993000000000620e+01 4.023385999999999996e+01 7.762350000000000705e+01 7.970253999999999905e+01 4.043166999999999689e+01 6.888963999999999999e+01 1.014951200000000000e+02 9.443017999999999290e+01 4.720351999999999748e+01 5.975084999999999980e+01 3.191161999999999921e+01 4.917802999999999969e+01 1.606381999999999977e+01 1.028112899999999996e+02 9.580772000000000332e+01 1.201698599999999999e+02 5.905839999999999890e+01 9.502685999999999922e+01 8.096208000000000027e+01 3.089490999999999943e+01 7.637958999999999321e+01 5.807021000000000299e+01 8.932692000000000121e+01 7.531807999999999481e+01 9.623721000000000458e+01 1.226727400000000046e+02 2.096321999999999974e+01 5.009890000000000043e+01 1.008149099999999976e+02
9.281515000000000271e+01 5.563542999999999950e+01 5.418581999999999965e+01 4.055617000000000161e+01 9.948100000000000165e+00 0.000000000000000000e+00 7.886270000000000380e+01 4.878506999999999749e+01 6.858347999999999445e+01 3.872735000000000127e+01 8.301675000000000182e+01 3.880604999999999905e+01 5.394982000000000255e+01 5.041102999999999668e+01 2.641798000000000002e+01 3.171370999999999896e+01 6.034154000000000195e+01 7.546829999999999927e+01 7.719639999999999702e+01 1.424418999999999969e+01 4.960336000000000212e+01 4.873913999999999902e+01 5.356633000000000067e+01 4.909434999999999860e+01 6.803499999999999659e+01 6.246817000000000064e+01 1.044871899999999982e+02 2.236066999999999894e+01 8.214603999999999928e+01 8.705666999999999689e+01 1.136884000000000050e+01 3.282865000000000322e+01 7.140417999999999665e+01 2.954964999999999975e+01 1.447587000000000046e+01 6.989055000000000462e+01 6.163327999999999918e+01 6.994316999999999496e+01 8.683692000000000633e+01 2.526497000000000170e+01 9.371610000000000440e+00 6.215223000000000297e+01 4.213640999999999792e+01 3.662801999999999936e+01 5.816201999999999828e+01 9.719080999999999904e+01 3.046440000000000126e+01 6.380113999999999663e+01 8.582885000000000275e+01 7.294937000000000182e+01 2.244948000000000121e+01 5.882318999999999676e+01 6.666329000000000349e+01 6.152134000000000214e+01 5.545163999999999760e+01 5.559232999999999691e+01 4.722409999999999997e+01 5.558082999999999885e+01 4.543216000000000321e+01 4.775247999999999848e+01 1.392516999999999960e+01 6.294272000000000133e+01 7.201632999999999640e+01 7.172578000000000031e+01 6.949845999999999435e+01 8.101435999999999638e+01 5.484998999999999825e+01 4.661249000000000109e+01 5.965644999999999953e+01 8.940009000000000583e+01 5.637133999999999645e+01 5.985929000000000144e+01 3.591978000000000293e+01 6.905592000000000041e+01 7.148666000000000054e+01 3.759423999999999921e+01 5.949278000000000333e+01 9.231902999999999793e+01 8.462546000000000390e+01 3.765464999999999662e+01 5.446341000000000321e+01 2.536386999999999858e+01 3.994854999999999734e+01 1.814771000000000001e+01 9.286457000000000050e+01 8.690149999999999864e+01 1.103212199999999967e+02 5.067096999999999696e+01 8.507998999999999512e+01 7.299881999999999493e+01 2.189277999999999835e+01 6.966901000000000010e+01 5.042896999999999963e+01 7.971796999999999400e+01 6.621962999999999511e+01 8.648838000000000648e+01 1.127943000000000069e+02 2.036570999999999998e+01 4.291796000000000078e+01 9.088599000000000672e+01
7.387469000000000108e+01 2.644735999999999976e+01 1.094723900000000043e+02 4.854484999999999673e+01 8.431660999999999717e+01 7.886270000000000380e+01 0.000000000000000000e+00 9.515834999999999866e+01 1.149607799999999997e+02 9.403677999999999315e+01 6.627840999999999383e+01 9.510271000000000186e+01 4.238002999999999787e+01 9.239369000000000653e+01 6.305713999999999686e+01 4.842714000000000141e+01 2.029585000000000150e+01 5.601894000000000062e+01 8.795199999999999818e+01 6.843252999999999986e+01 6.228450000000000131e+01 5.181701999999999941e+01 2.755065000000000097e+01 3.268733999999999895e+01 6.322361999999999682e+01 1.025320200000000028e+02 7.608774999999999977e+01 7.137869999999999493e+01 8.413500000000000867e+00 2.848517999999999972e+01 6.779116000000000497e+01 4.821493000000000251e+01 2.030847999999999942e+01 4.969424999999999670e+01 6.712697000000000003e+01 9.054889000000000010e+01 9.984878000000000497e+01 1.237726799999999940e+02 3.229413000000000267e+01 5.436979000000000184e+01 6.949406000000000461e+01 3.664762999999999948e+01 9.657702999999999349e+01 9.951507999999999754e+01 6.182663000000000153e+01 7.570403000000000304e+01 5.171723999999999677e+01 8.504670000000000130e+01 6.700839000000000567e+01 9.126936000000000604e+01 6.329502000000000095e+01 1.130014100000000070e+02 1.817611000000000132e+01 2.066072000000000131e+01 9.956466000000000349e+01 3.848939000000000021e+01 3.226473000000000013e+01 4.986525000000000318e+01 9.022629999999999484e+01 6.908867999999999654e+01 9.269356999999999402e+01 3.663157999999999959e+01 1.149054699999999940e+02 7.330795000000000528e+01 9.975929999999999964e+00 8.364987000000000705e+01 4.276008999999999816e+01 3.306763999999999726e+01 6.256884000000000157e+01 1.154161999999999999e+01 7.425265000000000271e+01 5.519971999999999923e+01 4.425542000000000087e+01 1.068963799999999935e+02 3.110445999999999955e+01 4.573268000000000200e+01 9.052428999999999348e+01 5.420696000000000225e+01 6.855925000000000580e+01 8.002591999999999928e+01 2.456623000000000090e+01 5.354639999999999844e+01 5.169368999999999659e+01 7.105727000000000260e+01 8.508137000000000683e+01 4.612660000000000338e+01 8.661101999999999634e+01 9.750113000000000341e+01 8.062836000000000070e+01 1.153938299999999941e+02 6.076415000000000077e+01 1.219753699999999981e+02 1.027446599999999961e+02 5.918453000000000230e+01 4.432733000000000345e+01 6.709175000000000466e+01 9.027016000000000417e+01 6.483629999999999427e+01 3.779144000000000148e+01 8.036796999999999969e+01
6.630110999999999422e+01 6.900037000000000376e+01 1.524029999999999951e+01 4.709017000000000053e+01 5.733032000000000039e+01 4.878506999999999749e+01 9.515834999999999866e+01 0.000000000000000000e+00 2.171404000000000067e+01 1.144547999999999988e+01 5.965268999999999977e+01 1.211326999999999998e+01 5.380044999999999789e+01 4.630139999999999922e+00 3.691796999999999684e+01 6.513863999999999521e+01 8.410209000000000401e+01 5.857954000000000150e+01 3.875193999999999761e+01 4.205198000000000036e+01 3.466152000000000299e+01 4.400137999999999749e+01 8.017243000000000563e+01 6.352810999999999808e+01 4.647003999999999735e+01 1.372561999999999927e+01 7.958147999999999911e+01 6.980437000000000580e+01 9.397548000000000457e+01 8.764153000000000304e+01 4.837622000000000355e+01 5.242090000000000316e+01 7.836739000000000033e+01 5.529052999999999685e+01 5.848293000000000319e+01 2.836323000000000150e+01 1.332203999999999944e+01 2.864581000000000088e+01 8.512302999999999997e+01 5.158086000000000126e+01 5.043327000000000027e+01 6.181029000000000195e+01 9.269030000000000769e+00 1.935499000000000080e+01 3.969084999999999752e+01 7.057330000000000325e+01 6.749960000000000093e+01 2.533974999999999866e+01 6.235705000000000098e+01 3.156469999999999843e+01 3.976713000000000164e+01 1.801858999999999966e+01 7.746783000000000641e+01 8.648036000000000456e+01 6.693590000000000373e+00 5.760528000000000048e+01 6.637366000000000099e+01 4.815973999999999933e+01 5.012870000000000381e+00 2.747597999999999985e+01 4.819977000000000089e+01 6.224748999999999910e+01 2.396980999999999895e+01 4.263360999999999734e+01 8.542167999999999495e+01 4.604014000000000095e+01 5.377391999999999683e+01 7.325512000000000512e+01 4.011630000000000251e+01 1.066600600000000014e+02 2.758570999999999884e+01 4.623537000000000319e+01 6.762600999999999374e+01 2.030074000000000112e+01 7.159080000000000155e+01 7.279955999999999960e+01 1.622417000000000087e+01 7.791152999999999906e+01 5.998512999999999806e+01 1.598235000000000028e+01 7.675994000000000028e+01 5.518256000000000228e+01 4.377691000000000088e+01 6.534423999999999921e+01 5.959902999999999906e+01 7.676429000000000258e+01 8.104582999999999515e+01 2.432110000000000216e+00 5.279603999999999786e+01 2.486615000000000109e+01 4.382325999999999766e+01 2.698922999999999917e+01 8.495609999999999218e+00 6.075298000000000087e+01 5.879825000000000301e+01 6.305978999999999957e+01 8.224809999999999377e+01 6.465936000000000661e+01 6.025594999999999857e+01 5.997704000000000235e+01
7.410811999999999955e+01 8.927284000000000219e+01 1.625234999999999985e+01 6.781306999999999618e+01 7.621375000000000455e+01 6.858347999999999445e+01 1.149607799999999997e+02 2.171404000000000067e+01 0.000000000000000000e+00 2.989238999999999891e+01 6.999773000000000422e+01 2.977804000000000073e+01 7.279161000000000570e+01 2.305088999999999899e+01 5.861005000000000109e+01 8.684938999999999965e+01 1.051570499999999981e+02 7.199339999999999407e+01 4.298154999999999859e+01 6.339144000000000290e+01 5.290158000000000271e+01 6.316866999999999877e+01 1.015387999999999948e+02 8.419110000000000582e+01 5.979782000000000153e+01 1.290717000000000070e+01 8.692395000000000493e+01 9.035332999999999970e+01 1.130064399999999978e+02 1.043391100000000051e+02 6.953500999999999976e+01 7.396232000000000539e+01 9.706874999999999432e+01 7.698058000000000334e+01 7.946098999999999535e+01 3.295759000000000327e+01 1.579251000000000005e+01 1.237279000000000018e+01 1.013216299999999990e+02 7.329488999999999521e+01 7.136942000000000519e+01 8.001833000000000595e+01 2.645461999999999847e+01 3.354404000000000252e+01 5.565321000000000140e+01 7.783728999999999587e+01 8.915444999999999709e+01 3.448828999999999922e+01 7.228889999999999816e+01 3.502582999999999913e+01 6.147216000000000236e+01 1.261550000000000082e+01 9.694874000000000080e+01 1.076081099999999964e+02 1.580602000000000018e+01 7.668457999999999686e+01 8.743124000000000251e+01 6.611585999999999785e+01 2.655357000000000056e+01 4.591349999999999909e+01 6.527504999999999313e+01 8.033536999999999750e+01 5.151860000000000106e+00 5.287630999999999659e+01 1.054491900000000015e+02 5.148188999999999993e+01 7.257147000000000503e+01 9.472869000000000028e+01 5.557849000000000217e+01 1.263452300000000008e+02 4.242305000000000348e+01 6.266203999999999752e+01 8.933163000000000409e+01 1.192042000000000002e+01 8.914346999999999355e+01 9.451126999999999612e+01 2.584506000000000014e+01 9.031078999999999724e+01 6.962663999999999476e+01 3.756660000000000110e+01 9.782850000000000534e+01 7.688988000000000511e+01 6.445032999999999390e+01 8.591633000000000209e+01 6.395260999999999996e+01 9.086100000000000421e+01 8.571152999999999622e+01 1.933223999999999876e+01 5.892508000000000123e+01 6.098510000000000097e+00 6.552474999999999739e+01 9.729520000000000834e+00 1.817296999999999940e+01 7.301588999999999885e+01 7.545277000000000100e+01 7.292421000000000220e+01 8.600144000000000233e+01 8.574130999999999858e+01 8.136500999999999806e+01 6.591432000000000357e+01
7.439766000000000190e+01 6.758996000000000492e+01 1.695749999999999957e+01 4.551646000000000214e+01 4.670548000000000144e+01 3.872735000000000127e+01 9.403677999999999315e+01 1.144547999999999988e+01 2.989238999999999891e+01 0.000000000000000000e+00 6.681068000000000495e+01 1.251479999999999926e+00 5.468084999999999951e+01 1.499727999999999994e+01 3.222852000000000317e+01 5.896428999999999832e+01 8.090904999999999347e+01 6.408499999999999375e+01 4.887340999999999980e+01 3.425419000000000125e+01 3.757665999999999684e+01 4.512409999999999854e+01 7.618488999999999578e+01 6.153786000000000200e+01 5.254339000000000226e+01 2.479157000000000011e+01 8.760034000000000276e+01 6.047827999999999804e+01 9.387076000000000420e+01 8.999737000000000364e+01 4.006418000000000035e+01 4.826545000000000130e+01 7.890572000000000230e+01 5.004937999999999931e+01 4.977289999999999992e+01 3.891105000000000302e+01 2.470993999999999957e+01 3.300549000000000177e+01 8.794562999999999420e+01 4.581759000000000270e+01 4.168921000000000276e+01 6.331251000000000317e+01 3.476010000000000044e+00 8.983180000000000831e+00 4.434071999999999747e+01 7.879107999999999379e+01 6.065872999999999848e+01 3.491105000000000302e+01 6.963151000000000579e+01 4.217002999999999702e+01 3.396023000000000280e+01 2.140332000000000079e+01 7.706032999999999333e+01 8.308265000000000100e+01 1.754087000000000174e+01 5.823337999999999681e+01 6.345935999999999666e+01 5.047639999999999816e+01 1.088996000000000031e+01 3.094162000000000035e+01 3.692334000000000316e+01 6.386419000000000068e+01 3.331752000000000180e+01 5.052826000000000306e+01 8.410329000000000121e+01 5.555512000000000228e+01 5.489258000000000237e+01 6.898431999999999675e+01 4.512483999999999895e+01 1.055730099999999965e+02 3.417240999999999929e+01 5.009602000000000288e+01 6.195514000000000010e+01 3.123695000000000022e+01 7.349040999999999713e+01 6.657765000000000555e+01 2.673066999999999993e+01 8.350754999999999484e+01 6.746335000000000548e+01 1.499334999999999951e+01 7.363608999999999583e+01 4.905821000000000254e+01 4.246461000000000041e+01 5.604896999999999707e+01 6.905149000000000115e+01 8.131989000000000090e+01 9.001658999999999367e+01 1.266090999999999944e+01 6.187116999999999933e+01 3.431083000000000283e+01 3.782567000000000235e+01 3.215361999999999654e+01 1.185125000000000028e+01 6.687154999999999916e+01 6.190610999999999819e+01 7.034610999999999592e+01 9.149334000000000344e+01 5.610683000000000220e+01 5.734944000000000131e+01 6.891839000000000226e+01
1.022893000000000008e+01 5.136892000000000280e+01 7.400327000000000055e+01 4.605449999999999733e+01 9.278718000000000643e+01 8.301675000000000182e+01 6.627840999999999383e+01 5.965268999999999977e+01 6.999773000000000422e+01 6.681068000000000495e+01 0.000000000000000000e+00 6.803059000000000367e+01 3.567586000000000013e+01 5.507903999999999911e+01 5.665731000000000250e+01 7.307630000000000337e+01 6.934078999999999837e+01 1.096424999999999983e+01 2.886856999999999829e+01 6.898300000000000409e+01 3.369718999999999909e+01 3.554977999999999838e+01 7.094558000000000675e+01 5.187019999999999698e+01 1.522611000000000026e+01 5.775739999999999696e+01 2.166226999999999947e+01 9.333771000000000129e+01 6.018563999999999936e+01 4.319545000000000101e+01 7.413356000000000279e+01 5.787836999999999676e+01 4.623658999999999963e+01 6.371654000000000195e+01 8.197896000000000072e+01 3.726283000000000101e+01 5.497023999999999688e+01 8.200119999999999720e+01 3.904426000000000130e+01 6.448779000000000394e+01 7.727405000000000257e+01 3.378079000000000320e+01 6.698703999999999326e+01 7.567949000000000126e+01 2.506852999999999909e+01 1.433145999999999987e+01 7.787112000000000478e+01 3.591196999999999662e+01 2.895370000000000221e+00 3.584785000000000110e+01 6.089410999999999774e+01 7.514432999999999652e+01 5.065005000000000024e+01 7.203289999999999793e+01 5.956873999999999825e+01 3.732672000000000168e+01 5.765209000000000117e+01 2.958566000000000074e+01 5.682394000000000034e+01 3.767620999999999754e+01 9.162742000000000075e+01 3.329332000000000136e+01 6.729961000000000126e+01 1.733298999999999879e+01 6.039180999999999955e+01 2.125529999999999831e+01 3.454690000000000083e+01 6.814359000000000322e+01 2.368856999999999857e+01 7.508213999999999544e+01 3.264473999999999876e+01 2.365913000000000110e+01 7.198024999999999807e+01 5.848481000000000307e+01 3.533042999999999978e+01 7.796828999999999610e+01 4.547697000000000145e+01 2.109034000000000120e+01 2.358560000000000212e+00 5.368849999999999767e+01 6.432027999999999679e+01 6.764776000000000522e+01 4.498783000000000243e+01 8.991670999999999481e+01 1.880621999999999971e+01 2.455243000000000109e+01 2.776263000000000147e+01 6.092752999999999730e+01 1.554499000000000031e+01 6.725882000000000005e+01 6.268800000000000239e+01 7.947221000000000402e+01 6.786942000000000519e+01 7.101250000000000284e+00 2.473246999999999929e+01 3.603429999999999911e+00 3.068875999999999848e+01 8.516312999999999533e+01 5.498705000000000354e+01 1.410121000000000002e+01
7.558486999999999512e+01 6.865538999999999703e+01 1.633493999999999957e+01 4.659967999999999932e+01 4.660587999999999909e+01 3.880604999999999905e+01 9.510271000000000186e+01 1.211326999999999998e+01 2.977804000000000073e+01 1.251479999999999926e+00 6.803059000000000367e+01 0.000000000000000000e+00 5.586415999999999826e+01 1.587195999999999962e+01 3.312792999999999921e+01 5.964215999999999696e+01 8.184367000000000303e+01 6.533391000000000304e+01 4.989321999999999946e+01 3.478358000000000061e+01 3.882095999999999947e+01 4.632412999999999670e+01 7.705888000000000204e+01 6.257401000000000124e+01 5.378334999999999866e+01 2.522103999999999857e+01 8.879421000000000674e+01 6.068287999999999727e+01 9.499078000000000088e+01 9.121129999999999427e+01 4.049219999999999686e+01 4.916266999999999854e+01 8.006105999999999767e+01 5.084288999999999703e+01 5.010961999999999961e+01 3.986328000000000316e+01 2.527242000000000033e+01 3.242862999999999829e+01 8.917140999999999451e+01 4.656662000000000035e+01 4.203858000000000317e+01 6.451081999999999539e+01 3.388189999999999813e+00 7.844129999999999825e+00 4.559188999999999936e+01 7.997378999999999394e+01 6.125394000000000005e+01 3.597075000000000244e+01 7.084868000000000166e+01 4.311657000000000295e+01 3.474289999999999878e+01 2.085106000000000037e+01 7.817327000000000226e+01 8.399971999999999639e+01 1.797585000000000122e+01 5.940462000000000131e+01 6.443075000000000330e+01 5.170331999999999795e+01 1.194149999999999956e+01 3.219265999999999650e+01 3.654849999999999710e+01 6.506574999999999420e+01 3.335307999999999851e+01 5.171399999999999864e+01 8.516270000000000095e+01 5.664200999999999908e+01 5.608386999999999745e+01 6.984068999999999505e+01 4.637458999999999776e+01 1.066363699999999994e+02 3.538904999999999745e+01 5.134505000000000052e+01 6.268422999999999945e+01 3.160296999999999912e+01 7.469625999999999522e+01 6.723959999999999582e+01 2.766666000000000025e+01 8.475719999999999743e+01 6.867323000000000377e+01 1.621684000000000125e+01 7.458181000000000438e+01 4.975992999999999711e+01 4.356765000000000043e+01 5.626568999999999932e+01 7.015058000000000504e+01 8.257026000000000465e+01 9.115869999999999607e+01 1.313368999999999964e+01 6.299667999999999779e+01 3.435737000000000307e+01 3.857265999999999906e+01 3.166533000000000087e+01 1.163179000000000052e+01 6.811405999999999494e+01 6.314343999999999824e+01 7.156310999999999467e+01 9.261587000000000103e+01 5.645958999999999861e+01 5.832898999999999745e+01 7.005633000000000266e+01
4.578779999999999717e+01 1.864805000000000135e+01 6.867767999999999518e+01 1.339390000000000036e+01 6.281757000000000346e+01 5.394982000000000255e+01 4.238002999999999787e+01 5.380044999999999789e+01 7.279161000000000570e+01 5.468084999999999951e+01 3.567586000000000013e+01 5.586415999999999826e+01 0.000000000000000000e+00 5.062013000000000318e+01 2.916208999999999918e+01 3.768724000000000274e+01 3.711317999999999984e+01 2.533067000000000135e+01 4.813888000000000034e+01 3.993283999999999878e+01 1.993564999999999898e+01 9.799500000000000099e+00 3.686816000000000315e+01 1.683132000000000161e+01 2.519228000000000023e+01 6.023263000000000034e+01 5.469339999999999691e+01 5.948859000000000208e+01 4.028206999999999738e+01 3.585202999999999918e+01 4.330451999999999657e+01 2.356858000000000075e+01 2.456771000000000171e+01 2.920082000000000022e+01 4.912781999999999982e+01 4.892152000000000100e+01 5.751785999999999888e+01 8.213397000000000503e+01 3.447831000000000046e+01 3.110049000000000063e+01 4.625202000000000169e+01 8.945740000000000691e+00 5.668075999999999937e+01 6.165285999999999689e+01 2.035192999999999941e+01 4.948747000000000185e+01 4.255196000000000112e+01 4.304160999999999859e+01 3.789251999999999754e+01 5.005881000000000114e+01 3.201364000000000232e+01 7.181550000000000011e+01 2.423480999999999952e+01 3.987102999999999753e+01 5.765140999999999849e+01 3.899729999999999919e+00 2.247659000000000162e+01 8.214610000000000412e+00 4.904110000000000014e+01 2.688900999999999897e+01 6.552232999999999663e+01 9.631840000000000401e+00 7.256540999999999997e+01 3.455436999999999870e+01 3.328582999999999714e+01 4.593661999999999779e+01 1.138190000000000035e+00 3.296804999999999808e+01 2.143197999999999936e+01 5.363295999999999708e+01 3.199568000000000012e+01 1.491524000000000072e+01 3.634559000000000140e+01 6.451635000000000275e+01 1.921762000000000015e+01 4.229775999999999669e+01 4.814466000000000179e+01 3.893444999999999823e+01 3.789965999999999724e+01 3.982323999999999842e+01 3.077042000000000144e+01 3.358858000000000033e+01 1.453495000000000026e+01 5.658321000000000112e+01 5.203712000000000160e+01 3.299239000000000033e+01 6.287035999999999802e+01 5.604431000000000296e+01 4.545640999999999821e+01 7.303734000000000037e+01 3.206271000000000271e+01 8.019528999999999996e+01 6.183115999999999701e+01 2.994078999999999979e+01 1.286774999999999913e+01 3.837489000000000061e+01 6.605306000000000211e+01 5.119666999999999746e+01 1.931288999999999945e+01 4.816582999999999970e+01
6.167271999999999821e+01 6.645090000000000430e+01 1.936918999999999969e+01 4.481052999999999997e+01 5.933254999999999768e+01 5.041102999999999668e+01 9.239369000000000653e+01 4.630139999999999922e+00 2.305088999999999899e+01 1.499727999999999994e+01 5.507903999999999911e+01 1.587195999999999962e+01 5.062013000000000318e+01 0.000000000000000000e+00 3.605794999999999817e+01 6.450736000000000558e+01 8.211323000000000150e+01 5.422823999999999955e+01 3.430762000000000000e+01 4.247469000000000250e+01 3.111005000000000109e+01 4.085298999999999836e+01 7.851112999999999431e+01 6.122126999999999697e+01 4.206152000000000157e+01 1.264455000000000062e+01 7.495311999999999841e+01 7.079766999999999655e+01 9.089078000000000657e+01 8.388630000000000564e+01 4.896574999999999989e+01 5.105393000000000114e+01 7.514252000000000464e+01 5.434129000000000076e+01 5.918496999999999986e+01 2.406037999999999855e+01 1.129662000000000077e+01 3.151390999999999920e+01 8.125946999999999321e+01 5.090433000000000163e+01 5.123270999999999731e+01 5.838589999999999947e+01 1.342963999999999913e+01 2.346571000000000140e+01 3.560857000000000028e+01 6.594328000000000145e+01 6.716173999999999467e+01 2.075252000000000052e+01 5.777123000000000275e+01 2.729720999999999975e+01 3.931306000000000012e+01 2.161420000000000030e+01 7.453924999999999557e+01 8.455865000000000009e+01 7.265170000000000350e+00 5.447104000000000212e+01 6.438419000000000381e+01 4.460618000000000194e+01 4.994580000000000020e+00 2.391992000000000118e+01 5.096717999999999904e+01 5.878779999999999717e+01 2.436197999999999908e+01 3.802224999999999966e+01 8.275742999999999938e+01 4.147782000000000124e+01 5.052103999999999928e+01 7.174737000000000364e+01 3.594863000000000142e+01 1.038517400000000066e+02 2.320449999999999946e+01 4.228849999999999909e+01 6.674947000000000230e+01 1.907741000000000042e+01 6.800637999999999295e+01 7.213528999999999769e+01 1.185621000000000080e+01 7.350851000000000113e+01 5.538595000000000113e+01 1.499052999999999969e+01 7.478221999999999525e+01 5.462339000000000055e+01 4.145535000000000281e+01 6.634382999999999697e+01 5.503829000000000349e+01 7.254358000000000573e+01 7.644271999999999423e+01 5.983019999999999783e+00 4.819075999999999738e+01 2.514305999999999841e+01 4.337080000000000268e+01 2.960623999999999967e+01 1.285683000000000042e+01 5.629990000000000094e+01 5.495868999999999716e+01 5.847249000000000052e+01 7.767112000000000194e+01 6.522539000000000442e+01 5.831445000000000078e+01 5.536545999999999879e+01
6.654134000000000526e+01 3.688410999999999973e+01 4.887836999999999676e+01 1.638406000000000162e+01 3.613121999999999900e+01 2.641798000000000002e+01 6.305713999999999686e+01 3.691796999999999684e+01 5.861005000000000109e+01 3.222852000000000317e+01 5.665731000000000250e+01 3.312792999999999921e+01 2.916208999999999918e+01 3.605794999999999817e+01 0.000000000000000000e+00 2.847061000000000064e+01 4.874645999999999901e+01 4.909241999999999706e+01 5.400540999999999769e+01 1.233261000000000074e+01 2.360857000000000028e+01 2.257076999999999956e+01 4.396896999999999878e+01 3.039759000000000100e+01 4.179587999999999681e+01 4.854337999999999909e+01 7.807948000000000377e+01 3.945492999999999739e+01 6.403925999999999874e+01 6.440462999999999738e+01 1.797425000000000139e+01 1.603709999999999880e+01 5.050316999999999723e+01 1.837264000000000053e+01 2.729407000000000139e+01 4.870667000000000257e+01 4.667313999999999652e+01 6.453755999999999915e+01 6.344129000000000218e+01 1.487706000000000017e+01 2.108603000000000094e+01 3.795483999999999725e+01 3.526091999999999871e+01 3.660819999999999652e+01 3.199465999999999966e+01 7.088465999999999667e+01 3.138613000000000142e+01 4.207836999999999961e+01 5.945268000000000086e+01 5.136581999999999937e+01 4.546100000000000030e+00 5.303472000000000008e+01 4.729796000000000333e+01 5.087597999999999843e+01 4.299864000000000175e+01 3.162593000000000032e+01 3.151818000000000097e+01 2.945574999999999832e+01 3.206501000000000090e+01 2.332214000000000098e+01 3.662442999999999671e+01 3.869407000000000352e+01 6.039717999999999876e+01 4.635560999999999865e+01 5.308590999999999838e+01 5.647747999999999990e+01 2.988653000000000048e+01 3.680774000000000257e+01 3.352815999999999974e+01 7.449224999999999852e+01 3.254879999999999995e+01 3.344579999999999842e+01 3.073273999999999972e+01 5.466116999999999848e+01 4.799401000000000295e+01 3.608236000000000132e+01 4.088927999999999940e+01 6.638177000000000305e+01 5.831698000000000093e+01 2.110929000000000144e+01 4.151991999999999905e+01 1.867246000000000095e+01 1.462720000000000020e+01 3.537319000000000102e+01 6.747686000000000206e+01 6.148705000000000354e+01 8.410344000000000619e+01 3.932918000000000092e+01 5.973738999999999777e+01 6.119516999999999740e+01 7.955070000000000086e+00 6.328544999999999732e+01 4.273593999999999937e+01 5.330984999999999729e+01 4.058876000000000062e+01 6.010652000000000328e+01 8.667461000000000126e+01 3.219400000000000261e+01 2.551359000000000066e+01 6.513338000000000250e+01
8.327599999999999625e+01 2.947040000000000148e+01 7.592105999999999710e+01 2.787922000000000011e+01 3.599096999999999724e+01 3.171370999999999896e+01 4.842714000000000141e+01 6.513863999999999521e+01 8.684938999999999965e+01 5.896428999999999832e+01 7.307630000000000337e+01 5.964215999999999696e+01 3.768724000000000274e+01 6.450736000000000558e+01 2.847061000000000064e+01 0.000000000000000000e+00 2.896694000000000102e+01 6.299408999999999992e+01 7.888787000000000660e+01 2.553347000000000122e+01 4.613725000000000165e+01 3.869106000000000023e+01 2.196285999999999916e+01 2.443771999999999878e+01 6.063304000000000116e+01 7.701385999999999399e+01 9.234260999999999342e+01 2.433017999999999859e+01 5.295494999999999663e+01 6.231833999999999918e+01 2.192399999999999949e+01 1.613447999999999993e+01 4.554493999999999687e+01 1.084196000000000026e+01 1.876689000000000007e+01 7.543274999999999864e+01 7.512771999999999650e+01 9.192149000000000569e+01 6.329719999999999658e+01 1.360305999999999926e+01 2.260010000000000119e+01 4.280695000000000050e+01 6.228208000000000055e+01 6.109646999999999650e+01 5.244433000000000078e+01 8.709578000000000486e+01 4.900890000000000413e+00 6.873073999999999728e+01 7.542910000000000537e+01 7.774097999999999331e+01 2.538410000000000011e+01 8.031726000000000454e+01 3.959548999999999808e+01 2.992533999999999850e+01 7.137275999999999954e+01 3.706649999999999778e+01 1.993799999999999883e+01 4.364529000000000281e+01 6.038810999999999751e+01 4.901319999999999766e+01 4.559506999999999977e+01 4.357724000000000331e+01 8.881456000000000017e+01 6.817731999999999459e+01 3.981150000000000233e+01 7.940891000000000588e+01 3.882395999999999958e+01 1.539484000000000030e+01 5.398512000000000199e+01 5.835305999999999926e+01 5.802044999999999675e+01 5.021168000000000120e+01 4.260510000000000019e+00 8.311396999999999480e+01 4.943133999999999872e+01 7.664589999999999570e+00 6.891151999999999589e+01 7.517234999999999445e+01 7.521551999999999794e+01 4.952837000000000245e+01 2.391707999999999856e+01 9.971489999999999299e+00 3.009172999999999831e+01 2.305309000000000097e+01 8.804573000000000604e+01 6.803278000000000247e+01 1.005167100000000033e+02 6.751814000000000249e+01 8.079985999999999535e+01 8.962703999999999382e+01 2.134619000000000000e+01 9.090018000000000598e+01 7.026487000000000194e+01 6.760819999999999652e+01 5.019787000000000177e+01 7.594198000000000093e+01 1.036493200000000030e+02 1.677879000000000076e+01 1.909881000000000029e+01 8.466930000000000689e+01
